 0    1
 1    1
 2    1
 3    1
 4    1
 5    1
 6    1
 7    1
 8    1
 9    1
 10    1
 11    1
 12    1
 13    1
 14    1
 15    1
 16    1
 17    1
 18    1
 19    1
 20    1
 21    1
 22    1
 23    1
 24    2
 25    2
 26    2
 27    2
 28    2
 29    2
 30    2
 31    2
 32    2
 33    2
 34    2
 35    2
 36    2
 37    2
 38    2
 39    2
 40    2
 41    2
 42    1
 43    1
 44    1
 45    1
 46    1
 47    1
 48    1
 49    1
 50    1
 51    1
 52    1
 53    1
 54    3
 55    3
 56    3
 57    2
 58    2
 59    2
 60    1
 61    1
 62    1
 63    2
 64    2
 65    2
 66    2
 67    2
 68    2
 69    2
 70    2
 71    2
 72    2
 73    2
 74    1
 75    1
 76    1
 77    1
 78    1
 79    1
 80    1
 81    1
 82    1
 83    1
 84    1
 85    2
 86    2
 87    2
 88    1
 89    1
 90    1
 91    2
 92    2
 93    1
 94    1
 95    1
 96    2
 97    2
 98    2
 99    2
 100    2
 101    2
 102    2
 103    2
 104    2
