 0    2
 1    2
 2    2
 3    2
 4    2
 5    2
 6    2
 7    2
 8    2
 9    2
 10    2
 11    2
 12    2
 13    2
 14    2
 15    2
 16    2
 17    2
 18    3
 19    3
 20    3
 21    2
 22    2
 23    2
 24    2
 25    2
 26    2
 27    2
 28    2
 29    2
 30    2
 31    2
 32    1
 33    1
 34    1
 35    1
 36    1
 37    1
 38    1
 39    1
 40    2
 41    2
 42    2
 43    1
 44    1
 45    2
 46    2
 47    2
 48    1
 49    1
 50    1
 51    1
 52    1
 53    1
 54    1
 55    1
 56    1
 57    1
 58    1
 59    1
 60    1
 61    1
 62    1
 63    1
 64    1
 65    1
 66    1
 67    1
 68    1
 69    1
 70    1
 71    1
 72    1
 73    1
 74    1
 75    1
 76    1
